/*
 ============================================================================
 Name        : kmeans.c
 Author      : Daniel Mårtensson
 Version     : 1.0
 Copyright   : MIT
 Description : Do K-means clustering on X
 ============================================================================
 */

#include "CControl/ccontrol.h"

#define row 700
#define column 3
#define k 3

int main() {
	clock_t start, end;
	float cpu_time_used;
	start = clock();

	float X[row*column] = {
	34.1765, 45.4509, 42.7890,
	42.4986, 36.7093, 38.9668,
	42.8275, 47.4206, 40.3490,
	27.0717, 24.3577, 52.4587,
	46.0229, 17.3218, 62.8230,
	37.9198, 66.1689, 38.0480,
	35.5349, 50.7320, 27.0304,
	40.5418, 64.1804, 33.7394,
	43.4349, 44.6914, 51.9107,
	31.6357, 49.8609, 34.1011,
	34.5179, 35.2631, 46.8189,
	60.6553, 34.8182, 43.7428,
	36.5737, 46.0617, 48.5963,
	29.2219, 34.5934, 47.5052,
	46.0142, 40.9389, 48.1605,
	15.1700, 56.7239, 44.2850,
	32.8875, 29.8425, 23.6185,
	43.3845, 38.7386, 40.4105,
	27.2497, 27.3451, 36.4898,
	24.4247, 49.7582, 38.8493,
	50.2095, 40.2961, 21.7114,
	30.5462, 47.7580, 44.5405,
	32.6813, 34.7950, 44.9350,
	40.4475, 51.3053, 57.9920,
	49.1439, 36.4640, 36.7460,
	51.4294, 43.5692, 37.4839,
	28.0050, 51.2275, 43.9235,
	46.5457, 27.1866, 36.0018,
	46.3011, 38.5237, 36.1181,
	28.7797, 39.2028, 51.5801,
	50.4414, 50.8963, 31.2153,
	26.3482, 40.5980, 50.6229,
	34.6851, 27.9830, 32.7834,
	17.6598, 44.2947, 32.6382,
	41.0476, 29.7434, 26.9646,
	21.7222, 25.3207, 36.3626,
	27.9185, 48.4773, 40.7834,
	39.9894, 50.0525, 29.8205,
	44.8535, 41.1513, 36.4884,
	43.9773, 50.6361, 22.0202,
	43.2944, 25.7307, 44.1412,
	44.1572, 23.1474, 30.4454,
	43.7399, 43.9194, 35.7188,
	53.0675, 47.6637, 15.0860,
	44.5726, 41.6547, 26.6351,
	48.9123, 46.7295, 24.6555,
	7.0739, 31.8356, 41.3980,
	37.0288, 55.3414, 52.6448,
	46.8946, 45.1173, 52.9164,
	19.7513, 15.7011, 49.0493,
	38.7752, 28.6868, 46.1577,
	31.6746, 23.4487, 35.2355,
	48.3664, 19.2843, 45.3370,
	44.4907, 39.3253, 37.7604,
	38.3649, 46.4012, 32.3454,
	19.7521, 26.2029, 49.3674,
	70.5229, 56.7899, 50.6966,
	23.6959, 32.1218, 35.6683,
	48.0692, 51.7463, 47.8784,
	19.1604, 44.2354, 35.0988,
	46.8791, 40.0261, 35.5050,
	28.2261, 41.1903, 27.8710,
	39.1775, 40.7480, 22.8069,
	46.0586, 46.8876, 34.5975,
	53.8112, 28.7041, 41.2598,
	30.8228, 30.8930, 32.6525,
	33.3245, 57.9990, 47.0581,
	46.2730, 37.9144, 36.3822,
	37.8095, 30.8104, 53.3317,
	34.3106, 41.9651, 31.2701,
	44.9720, 35.6268, 40.9522,
	49.7837, 31.0721, 46.4798,
	41.4949, 37.3469, 60.7467,
	32.5500, 43.1010, 32.1891,
	49.2234, 31.9290, 29.6377,
	56.1196, 57.5576, 27.3731,
	54.9125, 44.4064, 39.7976,
	43.9759, 44.9543, 30.5794,
	41.5080, 31.1201, 55.5476,
	39.1081, 29.7349, 10.6026,
	23.7499, 46.2810, 48.6409,
	66.4128, 39.8673, 25.4525,
	40.0231, 44.0752, 30.5258,
	33.8536, 28.1471, 30.7125,
	46.3192, 56.1977, 28.1072,
	52.5737, 38.1793, 39.0625,
	52.1927, 46.0707, 52.9195,
	49.5806, 38.0403, 26.3154,
	38.8832, 45.8052, 42.6218,
	32.3845, 27.4365, 47.1494,
	30.8890, 40.7658, 43.3949,
	47.1391, 35.2913, 61.7452,
	28.9671, 48.2709, 51.3834,
	48.1646, 51.2676, 44.1895,
	42.4449, 41.3186, 27.7494,
	29.6250, 31.1238, 43.1574,
	35.6814, 52.7505, 20.6176,
	40.9442, 28.2556, 42.6565,
	33.2014, 43.3444, 48.2964,
	41.9612, 42.0257, 44.7501,
	37.1578, 39.5749, 34.9021,
	34.2135, 28.5365, 35.2128,
	28.6607, 29.4320, 43.5831,
	23.4207, 39.5070, 51.4724,
	31.5163, 45.6700, 22.3728,
	47.5785, 43.8140, 33.6747,
	53.8259, 35.8022, 42.5166,
	20.9021, 26.9242, 40.7997,
	13.2800, 31.2337, 31.4474,
	45.4646, 19.4092, 34.1651,
	25.2684, 50.8828, 37.6597,
	45.7490, 47.7179, 32.3563,
	41.4121, 51.6549, 40.5713,
	38.1330, 32.6856, 59.4952,
	27.6241, 39.3090, 49.5339,
	22.5361, 37.4138, 33.2282,
	45.5545, 35.5747, 28.4446,
	53.4692, 58.1314, 44.5793,
	33.4883, 38.0292, 45.3982,
	36.6889, 53.1791, 25.1306,
	30.3483, 20.5117, 31.5816,
	25.1285, 47.8892, 39.4397,
	42.0033, 60.7183, 54.6565,
	52.1825, 36.0367, 25.0018,
	19.1038, 53.6728, 45.4440,
	39.1413, 25.5872, 30.8366,
	47.3420, 26.5982, 34.7053,
	32.0528, 37.9617, 41.1628,
	30.3971, 33.7461, 36.7289,
	56.0933, 30.0208, 40.6025,
	58.8261, 43.0258, 46.8116,
	56.0957, 40.6786, 27.3561,
	37.8983, 32.6679, 48.8371,
	22.6850, 26.5574, 25.9808,
	50.0658, 31.4418, 43.2453,
	36.5811, 55.5506, 44.5491,
	30.9112, 46.9605, 31.4575,
	40.9998, 38.1495, 35.8622,
	51.7075, 45.4022, 33.7526,
	34.2324, 22.8989, 52.5675,
	36.8896, 32.5626, 43.1876,
	50.6659, 40.2636, 42.0821,
	41.2659, 36.1530, 36.2399,
	27.6100, 52.7131, 46.1677,
	46.0551, 37.2464, 54.8365,
	44.8256, 49.3008, 50.1534,
	61.3147, 44.4501, 32.5113,
	50.1753, 37.9429, 29.4722,
	39.6926, 28.6439, 50.8265,
	59.0265, 29.8311, 41.2025,
	40.2533, 54.3254, 61.9159,
	51.4688, 39.6735, 43.3278,
	42.3771, 47.2515, 33.7451,
	33.1365, 37.7164, 43.2916,
	33.6288, 45.2701, 38.1858,
	46.3587, 42.3847, 43.8326,
	43.2184, 45.7957, 34.1097,
	42.6326, 48.2517, 28.7641,
	28.1669, 40.2920, 17.7276,
	36.7489, 33.0279, 33.1415,
	33.6195, 27.4861, 22.1002,
	37.6173, 37.8650, 29.4184,
	45.6567, 36.3352, 30.3639,
	35.9601, 47.7543, 35.7000,
	35.3616, 45.3110, 56.4257,
	55.1779, 48.3757, 47.6737,
	29.4979, 26.5254, 32.2302,
	39.3622, 50.6611, 52.2545,
	40.1401, 35.5763, 19.3140,
	33.0661, 28.9148, 20.6188,
	40.8726, 39.8807, 40.4935,
	44.1545, 38.7591, 36.4714,
	40.7292, 50.0186, 42.0619,
	48.0947, 59.3723, 31.6988,
	46.6866, 15.7658, 51.1595,
	34.1837, 42.8104, 26.8887,
	40.2580, 33.7513, 47.7070,
	52.6454, 34.7374, 34.2270,
	45.2683, 37.4218, 20.8333,
	34.5848, 52.7498, 43.0525,
	28.5969, 30.9251, 36.3354,
	26.1016, 42.6726, 36.1484,
	49.9104, 40.1206, 58.9623,
	48.8716, 41.3839, 48.4966,
	55.7851, 54.4310, 46.6782,
	58.0285, 38.8640, 39.2744,
	43.8253, 55.9286, 18.8832,
	32.0185, 36.6610, 48.0225,
	36.3720, 41.9672, 26.0205,
	29.4691, 30.5443, 42.7886,
	47.6027, 17.8116, 62.7235,
	25.2167, 50.8178, 43.6472,
	38.4014, 16.6045, 39.4293,
	36.7201, 34.1803, 39.3320,
	25.6113, 31.1370, 30.7525,
	46.2371, 42.8941, 33.2880,
	47.4548, 37.7609, 40.5230,
	34.8767, 52.1639, 27.3526,
	20.4677, 45.6229, 43.0873,
	42.2196, 31.6896, 36.7389,
	50.0000, -21.3160, 0.0000,
	50.4735, -5.5699, 0.2368,
	50.9465, 17.9582, 0.4736,
	51.4184, -26.4047, 0.7104,
	51.8888, -10.1763, 0.9472,
	52.3570, 17.3482, 1.1840,
	52.8226, -6.4376, 1.4208,
	53.2851, 9.1859, 1.6576,
	53.7439, -16.6464, 1.8944,
	54.1985, -3.0856, 2.1312,
	54.6485, -7.4033, 2.3680,
	55.0934, -1.3325, 2.6048,
	55.5328, 10.5172, 2.8416,
	55.9661, 1.3231, 3.0784,
	56.3929, 9.6529, 3.3152,
	56.8128, -3.4327, 3.5521,
	57.2254, -7.8108, 3.7889,
	57.6303, 10.4216, 4.0257,
	58.0271, -6.3046, 4.2625,
	58.4154, -8.7977, 4.4993,
	58.7950, 5.3071, 4.7361,
	59.1655, 5.7251, 4.9729,
	59.5266, -25.5676, 5.2097,
	59.8780, 0.6388, 5.4465,
	60.2194, 10.5395, 5.6833,
	60.5507, 4.0113, 5.9201,
	60.8716, 5.1656, 6.1569,
	61.1820, -2.3311, 6.3937,
	61.4816, 0.0889, 6.6305,
	61.7703, -4.5974, 6.8673,
	62.0480, 8.3278, 7.1041,
	62.3146, 11.7642, 7.3409,
	62.5701, -4.7604, 7.5777,
	62.8144, -8.7895, 7.8145,
	63.0474, -6.8066, 8.0513,
	63.2693, -11.9954, 8.2881,
	63.4800, -2.3983, 8.5249,
	63.6796, -7.1008, 8.7617,
	63.8681, -7.2868, 8.9985,
	64.0457, 6.4052, 9.2353,
	64.2126, -12.2875, 9.4721,
	64.3688, -7.1722, 9.7089,
	64.5145, 7.2071, 9.9457,
	64.6501, -1.1199, 10.1825,
	64.7756, -7.4576, 10.4194,
	64.8913, -12.3936, 10.6562,
	64.9975, 4.6685, 10.8930,
	65.0945, 18.2506, 11.1298,
	65.1827, -2.3948, 11.3666,
	65.2622, 20.0953, 11.6034,
	65.3336, -16.2686, 11.8402,
	65.3971, 0.4677, 12.0770,
	65.4532, -6.8761, 12.3138,
	65.5023, 0.5936, 12.5506,
	65.5447, -0.0098, 12.7874,
	65.5809, 0.3413, 13.0242,
	65.6114, 4.7658, 13.2610,
	65.6367, 13.1411, 13.4978,
	65.6571, -4.7603, 13.7346,
	65.6733, -10.3955, 13.9714,
	65.6856, 14.7061, 14.2082,
	65.6946, 7.8084, 14.4450,
	65.7008, 1.5701, 14.6818,
	65.7047, 2.5297, 14.9186,
	65.7068, -8.4737, 15.1554,
	65.7078, 14.1841, 15.3922,
	65.7080, -15.2366, 15.6290,
	65.7080, -5.3846, 15.8658,
	65.7084, 8.3626, 16.1026,
	65.7096, 17.2535, 16.3394,
	65.7123, -10.1073, 16.5762,
	65.7169, -12.6213, 16.8130,
	65.7240, 0.2945, 17.0498,
	65.7341, 28.0712, 17.2867,
	65.7476, 15.9822, 17.5235,
	65.7651, 13.6692, 17.7603,
	65.7871, 0.3337, 17.9971,
	65.8140, -10.3209, 18.2339,
	65.8464, -11.1159, 18.4707,
	65.8847, 3.4581, 18.7075,
	65.9293, -13.7374, 18.9443,
	65.9806, 22.6955, 19.1811,
	66.0391, 12.9974, 19.4179,
	66.1052, 6.4956, 19.6547,
	66.1793, -8.4536, 19.8915,
	66.2617, -19.0168, 20.1283,
	66.3527, -16.8938, 20.3651,
	66.4528, -15.7691, 20.6019,
	66.5622, 6.4938, 20.8387,
	66.6811, 2.2472, 21.0755,
	66.8099, -7.7656, 21.3123,
	66.9488, -9.8826, 21.5491,
	67.0980, 9.0231, 21.7859,
	67.2578, 9.2459, 22.0227,
	67.4282, 1.8587, 22.2595,
	67.6095, -5.1513, 22.4963,
	67.8017, 6.4784, 22.7331,
	68.0049, -1.1348, 22.9699,
	68.2194, -16.4895, 23.2067,
	68.4449, -24.6868, 23.4435,
	68.6817, 13.7062, 23.6803,
	68.9298, 16.8292, 23.9172,
	69.1890, 1.1058, 24.1540,
	69.4593, -7.7194, 24.3908,
	69.7407, -0.8115, 24.6276,
	70.0330, -1.2767, 24.8644,
	70.3362, 4.0540, 25.1012,
	70.6501, 13.9993, 25.3380,
	70.9745, 21.8656, 25.5748,
	71.3092, 11.5311, 25.8116,
	71.6540, -13.5019, 26.0484,
	72.0086, -19.4241, 26.2852,
	72.3729, -6.9886, 26.5220,
	72.7464, 10.1181, 26.7588,
	73.1290, -23.4773, 26.9956,
	73.5202, -8.7857, 27.2324,
	73.9197, 10.9829, 27.4692,
	74.3272, 5.9301, 27.7060,
	74.7423, -0.3383, 27.9428,
	75.1646, -4.6257, 28.1796,
	75.5936, -7.0416, 28.4164,
	76.0290, 0.0621, 28.6532,
	76.4702, -10.4720, 28.8900,
	76.9169, -2.4988, 29.1268,
	77.3685, -10.8047, 29.3636,
	77.8246, -4.1661, 29.6004,
	78.2846, -1.2662, 29.8372,
	78.7482, -15.4055, 30.0740,
	79.2147, 0.0749, 30.3108,
	79.6837, -1.3030, 30.5476,
	80.1547, 13.4786, 30.7845,
	80.6270, -11.2848, 31.0213,
	81.1002, 5.7940, 31.2581,
	81.5738, 7.3254, 31.4949,
	82.0472, 17.1286, 31.7317,
	82.5199, -4.7873, 31.9685,
	82.9913, 3.1616, 32.2053,
	83.4610, 5.2850, 32.4421,
	83.9284, 18.1851, 32.6789,
	84.3930, -16.4760, 32.9157,
	84.8543, -7.6903, 33.1525,
	85.3118, 2.1626, 33.3893,
	85.7650, 12.9671, 33.6261,
	86.2134, 10.1025, 33.8629,
	86.6564, -6.2840, 34.0997,
	87.0938, 3.5115, 34.3365,
	87.5250, 4.5304, 34.5733,
	87.9495, -23.3903, 34.8101,
	88.3671, -24.8512, 35.0469,
	88.7771, -1.1991, 35.2837,
	89.1794, 5.3522, 35.5205,
	89.5734, -10.1009, 35.7573,
	89.9589, 1.2575, 35.9941,
	90.3355, -3.0337, 36.2309,
	90.7029, -3.8628, 36.4677,
	91.0607, 9.5063, 36.7045,
	91.4088, -7.0543, 36.9413,
	91.7469, -7.0615, 37.1781,
	92.0748, -8.7825, 37.4149,
	92.3922, 13.0909, 37.6518,
	92.6990, -4.0385, 37.8886,
	92.9949, 15.2257, 38.1254,
	93.2800, -4.5778, 38.3622,
	93.5540, -18.8576, 38.5990,
	93.8169, 10.0993, 38.8358,
	94.0687, 8.0109, 39.0726,
	94.3092, 14.8325, 39.3094,
	94.5385, 2.2619, 39.5462,
	94.7567, 6.7325, 39.7830,
	94.9637, 13.0959, 40.0198,
	95.1596, -2.2713, 40.2566,
	95.3444, -15.5843, 40.4934,
	95.5185, -14.8586, 40.7302,
	95.6817, -13.5074, 40.9670,
	95.8344, 0.4086, 41.2038,
	95.9768, -7.1657, 41.4406,
	96.1089, -22.4654, 41.6774,
	96.2311, 9.3998, 41.9142,
	96.3437, -16.5057, 42.1510,
	96.4468, -0.1329, 42.3878,
	96.5408, -13.7424, 42.6246,
	96.6260, -4.7264, 42.8614,
	96.7028, -13.0486, 43.0982,
	96.7716, 17.5489, 43.3350,
	96.8326, 3.5226, 43.5718,
	96.8863, 13.6095, 43.8086,
	96.9331, -10.4204, 44.0454,
	96.9734, -1.4129, 44.2822,
	97.0076, 0.8855, 44.5191,
	97.0364, -12.1681, 44.7559,
	97.0599, 6.8754, 44.9927,
	97.0789, 3.6737, 45.2295,
	97.0937, -8.5596, 45.4663,
	97.1048, -8.1085, 45.7031,
	97.1129, -1.9973, 45.9399,
	97.1182, -5.5578, 46.1767,
	97.1215, 11.7530, 46.4135,
	97.1232, -5.3488, 46.6503,
	97.1238, -7.1326, 46.8871,
	97.1239, -14.3207, 47.1239,
	-3.7462, -8.7555, -15.9088,
	2.5223, -15.2642, 2.4523,
	0.1840, -12.7959, -1.5392,
	-13.7289, -3.5865, -5.5472,
	-0.9625, -13.9660, -11.9174,
	-1.5231, 2.4517, -8.1611,
	1.4197, 2.8951, -1.9000,
	2.5332, -10.0198, -19.5260,
	-6.1529, -12.5914, -13.3564,
	-16.5021, -6.9562, -15.3567,
	0.5740, -9.1031, -10.2804,
	1.3564, -12.4987, -2.8837,
	-3.6273, -16.2856, -19.8553,
	-12.1157, -14.4762, 0.8776,
	-15.7051, 0.4217, -11.0995,
	-15.1073, -5.5588, -10.7697,
	-16.1800, -14.9082, -11.0544,
	-2.4482, -4.6092, -4.9024,
	-1.5195, 2.3416, -3.3008,
	-7.0085, -16.7224, -16.5499,
	-11.4373, -12.9248, -1.3235,
	-19.9963, 1.0270, -12.1536,
	-0.0940, -0.3343, -12.0498,
	-17.6426, -9.7047, -2.4428,
	-13.8900, -9.1130, -5.8595,
	-13.9664, -0.8331, -17.0424,
	-1.6202, -3.3872, -5.4871,
	-7.9024, -11.9804, -17.2187,
	-19.8412, 1.9985, -14.1132,
	-9.8620, -0.7200, -12.8045,
	-7.5259, -18.4381, 1.3882,
	1.4324, -1.6710, -19.4263,
	-10.2542, -18.0897, 0.5366,
	-0.0158, -16.3531, -2.4425,
	-18.0752, -3.7766, -10.2387,
	-0.0591, -1.8620, 0.3336,
	-5.8839, -4.7714, -7.3316,
	0.9879, -14.6033, -9.5184,
	-8.4973, 0.8191, -3.8474,
	-6.1350, 2.1311, -3.5917,
	-12.5722, -0.5181, -1.6536,
	-12.5875, -1.8595, -14.0024,
	-9.5994, -17.4272, -8.0163,
	-8.4937, -13.7454, -1.4342,
	-5.8479, -6.4040, -8.6696,
	0.1084, -4.5562, 2.6371,
	-17.6473, -2.2509, -12.2188,
	-12.3241, -17.7536, -4.7498,
	2.0082, -12.2598, 2.1004,
	-17.3015, -15.1630, -18.9460,
	-2.6827, -7.7165, -2.1645,
	-9.2464, -3.2091, -13.6043,
	-2.1770, -7.1620, -8.9100,
	-12.2733, -8.8034, -16.7223,
	-2.8864, -13.9831, -13.5974,
	-18.5861, -0.9693, -10.8576,
	-7.9776, -9.7225, -16.7062,
	-12.0016, -1.3888, -4.9804,
	-4.1932, 2.2591, -1.0914,
	-0.3906, -11.4823, -11.6341,
	-9.6462, -12.3144, -13.7667,
	-16.0018, -5.4915, 2.7578,
	-7.3853, -10.8322, -4.2853,
	-16.2449, -12.3664, -5.6557,
	-7.0632, -18.3453, 2.8154,
	-4.3722, -2.6406, -11.2676,
	-7.8682, 2.9131, -7.8268,
	-1.8670, -0.0552, -9.0883,
	-16.3208, -14.9106, -4.0633,
	-2.7012, -14.2314, -18.1404,
	-1.4453, -11.2475, -19.4265,
	-19.6315, -19.1876, 2.3164,
	-19.5018, -8.6866, -8.9862,
	-7.2429, -8.4562, -3.0327,
	-1.4573, -10.8908, -1.5714,
	-3.9607, -13.4857, -9.4005,
	-17.7805, -19.1090, -13.5182,
	-4.6086, -9.5974, -18.5781,
	-19.0539, -5.6656, -19.7068,
	-1.9850, 1.3736, -11.6103,
	-14.1661, -12.6254, -4.1853,
	-5.0968, -6.9893, -19.4652,
	-7.3991, -1.7877, -3.9119,
	-10.9835, -9.6879, -11.5420,
	-1.8387, -6.2552, -16.4150,
	-0.0140, 1.1232, -14.1473,
	-8.2805, -7.8879, -4.3728,
	-3.7034, -19.1390, -11.5837,
	-15.2575, -7.9898, -11.9187,
	-2.0634, -18.1061, -12.8255,
	-5.5022, -13.7040, -6.2278,
	-19.2087, -6.4958, -3.1591,
	-9.8159, -9.0532, -15.2506,
	-5.6120, -6.6383, -0.9599,
	-5.4281, -10.7061, -7.2944,
	-8.1097, -18.4060, -19.3903,
	-19.6943, -3.1619, -11.6388,
	-14.8786, -19.8506, -12.3769,
	-19.0284, -16.9700, 1.0622,
	-13.8481, 0.0435, 1.2372,
	-9.7990, 1.3491, -14.0461,
	-8.0167, -16.7742, 1.2566,
	-19.4348, -1.8907, -4.2879,
	-15.4004, -1.9896, -9.6353,
	-0.2579, -0.4369, -2.5547,
	-13.0254, -12.8380, -0.4964,
	-3.4852, -14.0933, -7.2084,
	2.7275, -10.5154, -16.0409,
	-12.6509, -19.7046, -9.2949,
	2.2568, -3.4458, -2.3094,
	-5.3919, 2.0209, -5.1967,
	-4.8514, -7.2034, -4.5848,
	-15.5841, -3.8429, -16.8135,
	-2.6322, 2.3135, -7.7218,
	-16.7409, -5.7069, 1.1194,
	-5.2732, -6.0972, -18.5578,
	-12.9013, -7.9881, -0.3823,
	-4.9262, 0.1021, -1.8611,
	-10.6322, -1.3138, 0.9364,
	2.9363, -11.3932, -8.3044,
	2.2053, -1.3366, -0.6186,
	-14.7211, -5.7926, -13.1318,
	-1.6557, -11.1818, -16.6957,
	-18.9960, -16.5144, -19.8958,
	-4.2196, -19.1930, 2.3316,
	-18.7057, -16.6273, -11.3966,
	-1.8081, -15.1754, -16.7110,
	0.4787, -11.9132, -9.0925,
	-14.4574, -7.8845, -9.7129,
	-8.2797, -10.6859, -17.8667,
	-0.6835, -7.1427, -14.8378,
	-11.9281, -0.7639, -19.7514,
	-4.9449, -14.3521, -4.3905,
	-19.6389, -17.9911, 2.6604,
	-15.4238, -1.2241, -18.9331,
	1.5894, -13.1588, -10.9846,
	-7.3794, -12.3905, -15.5031,
	-19.3015, -7.5731, 2.0984,
	-0.2385, -4.8877, -14.2754,
	-8.9960, -4.1345, -17.2275,
	-2.3059, -15.4914, -18.0720,
	-18.2393, 0.2315, 1.0731,
	-19.4370, -11.6215, -0.9950,
	2.6606, -15.8130, -15.2985,
	-19.3609, -1.3947, -2.9200,
	-5.3444, -2.9906, -14.3407,
	-18.4724, -11.8612, -3.1202,
	-7.4400, 2.1127, 0.2067,
	-5.2142, 0.0932, -13.2801,
	-8.0726, -10.9382, -3.9858,
	2.6831, -10.4414, -7.3253,
	-12.4261, -13.8985, -0.6765,
	-11.5941, -2.9067, 1.8606,
	-6.0636, -19.9158, 1.8099,
	-8.1903, -8.3514, -17.8374,
	-3.6346, -5.6078, -3.0022,
	-2.4576, 2.7168, -14.4563,
	-5.4702, 0.9280, 1.7622,
	-18.0749, -8.9851, -14.8281,
	-6.7890, -12.0029, -4.3699,
	-0.4873, -19.9105, -0.1029,
	-7.3675, -11.2567, -3.4638,
	-11.6724, 1.3690, -16.9991,
	-15.6717, -3.7631, -10.3678,
	2.0780, -0.0404, -5.6000,
	0.7030, -12.2780, -17.9441,
	-18.9153, -3.2257, -2.1875,
	-0.6081, -6.0040, -13.0024,
	-11.8919, -17.3168, -5.3100,
	-8.7052, -16.8172, -2.0224,
	-15.1505, 2.3650, -14.5943,
	-19.1325, -10.5270, -4.6586,
	-14.4554, -17.9261, -13.3815,
	-12.7977, -5.3583, -9.8348,
	-14.9223, -11.4681, -11.3324,
	-16.9094, -3.0413, -10.4364,
	-8.4392, -15.9778, -12.8499,
	-9.6940, -15.3855, -2.6619,
	1.5707, -0.3267, -6.7001,
	-11.8507, -14.1599, -1.1993,
	-16.2423, -14.9796, 2.4416,
	-7.0452, -6.7341, 1.7293,
	0.9834, -17.4082, -10.8660,
	-3.9686, -15.7770, -0.0026,
	-19.0340, -14.1621, -14.2591,
	2.4051, 1.8494, -7.2161,
	-17.0922, -0.6798, -8.7890,
	-8.5506, 2.5359, -16.4871,
	-9.9710, -14.7622, -9.9560,
	-14.3507, -12.3123, -3.9967,
	0.6469, -6.2923, -6.4470,
	-19.6773, -6.4578, -6.1504,
	-7.6076, -9.0557, 0.5080,
	-9.6054, -5.4187, -19.4481,
	-0.4329, 2.2906, -2.4941,
	-2.1880, -3.3140, -5.9113,
	-15.3371, -9.4211, -17.8374,
	-11.5945, -6.0709, 1.7544,
	-6.7679, -16.3121, -12.0254,
	-6.4797, 0.7224, -6.0886,
	-17.3648, -5.1881, -2.2318,
	-14.4220, -15.5682, -8.2172,
	-7.7089, -4.5151, -2.9530,
	1.2465, -15.9309, -17.8289,
	-10.4923, -4.8665, -4.1165,
	-1.4554, 0.8324, -1.4398,
	-12.2278, 0.8709, 1.7668,
	2.9193, -6.2097, 2.3406,
	-16.5674, 2.2869, 2.5069,
	-8.0192, -11.9167, -1.2382,
	-11.9170, -9.4980, -17.1500,
	-2.5463, -17.6844, -2.0673,
	-15.6166, -15.6531, -8.2344,
	-3.0752, -18.8011, -3.7788,
	-1.7352, -5.9890, -4.6298,
	-12.7883, -17.0259, -2.8088,
	-0.7038, -16.6081, -13.8668,
	-9.1350, 1.2051, -14.0365,
	2.7754, -12.5718, -3.2459,
	-12.9232, -18.2310, -2.7944,
	-17.8920, -7.9617, -11.3577,
	-12.9660, -15.5916, -12.8032,
	-17.9831, -1.8827, -13.9955,
	1.8076, -14.9723, -8.7930,
	-14.2638, -7.4821, 0.4620,
	-0.2836, -13.1454, -9.4943,
	-11.3788, -8.2976, -12.9763,
	1.5883, -13.2514, -6.0900,
	-17.1809, -8.8367, -12.7928,
	-0.5336, -16.5047, -2.7767,
	-5.1277, -13.2741, -4.0628,
	-18.4529, -9.2763, -5.7709,
	-19.6352, 2.7486, -13.4894,
	-5.4046, -8.3492, 1.0875,
	-18.0393, -16.4632, 1.8925,
	-13.9564, -19.5900, -11.1427,
	-12.0803, -18.2782, -18.6361,
	-1.1882, -8.6503, -19.1658,
	-16.5971, 1.7131, -3.9300,
	-12.9953, 0.4726, -2.0658,
	-11.3015, -2.7793, -19.3363,
	-5.3711, -2.6519, -3.4772,
	-3.0396, 0.2536, -11.2183,
	-0.5372, -10.8152, -11.3236,
	0.9897, -6.4525, -3.3326,
	-15.5306, 0.0823, -11.9292,
	-4.7252, -8.2981, 1.0024,
	-16.0446, -6.1503, -14.6135,
	-18.7978, -15.5302, 0.8895,
	-15.8588, -16.9852, -13.4785,
	-6.3199, -6.2150, -0.9922,
	-7.5044, -8.3226, -3.0368,
	2.8748, -19.5458, -9.1452,
	-11.5505, -10.1762, -18.6483,
	-18.1046, -11.6782, -17.5119,
	-10.6754, -6.0660, 0.0190,
	-14.7034, -18.8995, -1.0736,
	-0.8942, -9.4348, -9.4814,
	0.5925, -15.6684, -0.8632,
	-9.5859, 0.2039, -4.7260,
	-8.2723, 0.3388, -18.3019,
	-10.4748, -8.9533, -12.1488,
	1.9929, -19.0316, -8.2129,
	-1.7679, -19.8878, -4.3591,
	-19.5245, -18.1700, 2.1231,
	-5.8159, 0.5515, -13.1220,
	-0.8716, -10.0590, -14.5435,
	-18.0108, -4.2955, -5.9266,
	-13.2836, -8.3794, -16.1208,
	1.1274, -13.6173, -18.1405,
	-8.4703, -13.3271, -16.2493,
	1.1605, -5.9639, -19.1394,
	-16.8370, -11.8732, -15.7773,
	-12.9341, -17.3378, -0.8543,
	-17.6720, -7.1926, -16.5359,
	-5.9825, -11.6160, -9.5526,
	-4.1617, -10.4810, -14.8937,
	-10.9883, -3.2483, 2.3925,
	-5.9526, -1.6103, -17.5042,
	-14.1828, -5.9017, 1.7570,
	-5.1541, -2.2489, -14.6061,
	-19.6278, -16.8744, -3.1847,
	-19.7917, -14.2634, -19.9929,
	-7.3752, -5.0889, -5.2504,
	-1.5238, -12.9036, -8.0114,
	-4.2611, -19.8514, -8.8414,
	-2.9751, -15.1086, -7.3147,
	-5.3493, -19.1950, -6.5898,
	1.1014, -17.3320, -14.3945,
	0.4303, -8.4605, -3.3085,
	-4.6502, -13.1661, -14.2831,
	-1.7937, -5.8551, -14.2226,
	-10.1375, -6.0411, -1.8326,
	0.3090, -16.3832, -5.2460,
	-5.3120, -16.4187, -11.0421,
	-17.6298, -11.7320, -7.4961,
	-12.1171, -4.2441, -16.1910,
	-5.8723, -7.3613, 2.2613,
	0.7612, -19.0808, -8.3995,
	-5.3941, -5.1480, -11.0184 };

	/* Decleare idx */
	size_t idx[row];

	/* Declare C */
	float C[k * column];

	/* Do K-means clustering */
	bool success = kmeans(X, idx, C, k, row, column);

	/* Print centers */
	print(C, k, column);

	/* Print indexes */
	size_t i;
	for (i = 0; i < row; i++) {
		printf("%i\n", idx[i]);
	}

	/* Print status */
	printf("Success: %s\n", success ? "yes" : "no");

	end = clock();
	cpu_time_used = ((float)(end - start)) / CLOCKS_PER_SEC;
	printf("\nTotal speed  was %f\n", cpu_time_used);

	return EXIT_SUCCESS;
}