/*
 ============================================================================
 Name        : area.c
 Author      : Daniel Mårtensson
 Version     : 1.0
 Copyright   : MIT
 Description : Find the average value inside of a circle
 ============================================================================
 */

#include "CControl/ccontrol.h"

#define row 20
#define column 20

int main() {
	clock_t start, end;
	float cpu_time_used;
	start = clock();

	/* Create X */
	float X[row * column] = { 11, 17, 42, 25, 13, 4, 4, 1, 26, 46, 41, 32, 34, 48, 37, 14, 4, 13, 11, 28,
								19, 8, 6, 31, 27, 8, 19, 36, 15, 31, 11, 20, 5, 11, 49, 1, 2, 49, 28, 25,
								2, 50, 26, 44, 1, 28, 10, 6, 1, 12, 5, 2, 16, 46, 32, 7, 13, 44, 12, 42,
								31, 49, 8, 15, 42, 13, 8, 13, 46, 15, 2, 30, 17, 32, 50, 32, 37, 26, 5, 9,
								4, 24, 33, 43, 25, 6, 36, 31, 44, 13, 3, 33, 45, 38, 20, 28, 9, 47, 19, 48,
								8, 34, 1, 28, 2, 16, 19, 26, 19, 44, 11, 42, 30, 9, 23, 23, 3, 23, 8, 37,
								15, 38, 31, 26, 3, 13, 23, 44, 44, 34, 35, 39, 5, 7, 41, 13, 34, 44, 2, 38,
								9, 35, 9, 29, 13, 34, 34, 4, 44, 2, 47, 44, 50, 35, 1, 4, 17, 48, 38, 21,
								12, 13, 1, 39, 45, 11, 28, 29, 6, 6, 33, 35, 6, 16, 13, 36, 46, 12, 46, 43,
								34, 9, 4, 4, 17, 15, 22, 6, 33, 3, 44, 45, 39, 14, 47, 38, 42, 16, 22, 3,
								17, 29, 1, 37, 30, 27, 23, 50, 42, 49, 21, 3, 25, 48, 15, 50, 9, 15, 29, 40,
								14, 41, 37, 22, 33, 1, 19, 13, 10, 9, 42, 44, 9, 30, 22, 48, 25, 25, 1, 19,
								9, 7, 10, 29, 36, 14, 36, 16, 9, 5, 37, 42, 45, 21, 30, 26, 41, 46, 4, 10,
								9, 8, 18, 27, 15, 38, 2, 50, 11, 27, 6, 14, 12, 5, 39, 12, 46, 37, 3, 32,
								14, 8, 44, 31, 20, 21, 15, 2, 35, 45, 37, 11, 5, 32, 47, 30, 16, 42, 13, 33,
								33, 5, 12, 16, 20, 36, 22, 18, 12, 32, 28, 13, 11, 49, 38, 27, 11, 14, 5, 27,
								46, 42, 31, 15, 41, 18, 31, 2, 4, 8, 47, 14, 11, 1, 33, 12, 20, 14, 40, 33,
								11, 30, 38, 48, 21, 18, 20, 22, 27, 46, 15, 26, 46, 20, 33, 1, 19, 4, 16, 6,
								19, 3, 49, 46, 15, 31, 5, 48, 34, 21, 6, 44, 28, 20, 8, 8, 38, 6, 24, 26,
								22, 4, 13, 45, 2, 13, 13, 40, 15, 5, 23, 32, 15, 24, 21, 38, 30, 29, 15, 18 };

	/* Compute circle average */
	size_t number_elements;
	float average = area(X, row, &number_elements, AREA_METHOD_CIRCLE) / ((float)number_elements);

	/* Print */
	printf("Average of the elements inside the circle: %f\n", average);

	end = clock();
	cpu_time_used = ((float)(end - start)) / CLOCKS_PER_SEC;
	printf("\nTotal speed  was %f\n", cpu_time_used);
	return EXIT_SUCCESS;
}